<?xml version="1.0" ?>
<model>
    <node name="Scene_Root">
        <node name="Yaschik1">
            <matrix _11="1.000000" _12="0.000000" _13="0.000000" _14="0.000000" _21="0.000000" _22="1.000000" _23="0.000000" _24="0.000000" _31="0.000000" _32="0.000000" _33="1.000000" _34="0.000000" _41="0.000000" _42="3.982471" _43="15.703869" _44="1.000000" />
            <mesh ref="0" />
        </node>
        <node name="Camera_Root">
            <matrix _11="1.000000" _12="0.000000" _13="0.000000" _14="0.000000" _21="0.000000" _22="1.000000" _23="0.000000" _24="0.000000" _31="0.000000" _32="0.000000" _33="1.000000" _34="0.000000" _41="0.000000" _42="2.000000" _43="20.000000" _44="1.000000" />
            <node name="Camera">
                <matrix _11="1.000000" _12="0.000000" _13="0.000000" _14="0.000000" _21="0.000000" _22="1.000000" _23="0.000000" _24="0.000000" _31="0.000000" _32="0.000000" _33="1.000000" _34="0.000000" _41="0.000000" _42="0.000000" _43="0.000000" _44="1.000000" />
            </node>
        </node>
    </node>
    <meshes count="1">
        <mesh id="0" material="0">
            <vertices count="84">
                <vertex x="-7.182335" y="3.806584" z="-5.322488" nx="1.000000" ny="0.000000" nz="0.000000" tu="-0.736241" tv="-0.409576" />
                <vertex x="-7.182335" y="2.813984" z="4.944471" nx="1.000000" ny="0.000000" nz="0.000000" tu="-0.949690" tv="-0.400856" />
                <vertex x="-7.182335" y="2.813985" z="-5.322489" nx="1.000000" ny="0.000000" nz="0.000000" tu="-0.744964" tv="-0.400856" />
                <vertex x="-7.182335" y="3.806583" z="4.944471" nx="1.000000" ny="0.000000" nz="0.000000" tu="-0.958412" tv="-0.409576" />
                <vertex x="7.182335" y="3.806584" z="-5.322488" nx="0.000000" ny="0.000000" nz="1.000000" tu="-0.736241" tv="-0.100814" />
                <vertex x="-7.182335" y="2.813985" z="-5.322489" nx="0.000000" ny="0.000000" nz="1.000000" tu="-0.744964" tv="-0.400856" />
                <vertex x="7.182335" y="2.813985" z="-5.322489" nx="0.000000" ny="0.000000" nz="1.000000" tu="-0.744964" tv="-0.109533" />
                <vertex x="-7.182335" y="3.806584" z="-5.322488" nx="0.000000" ny="0.000000" nz="1.000000" tu="-0.736241" tv="-0.409576" />
                <vertex x="7.182335" y="3.806583" z="4.944471" nx="-1.000000" ny="0.000000" nz="0.000000" tu="-0.958412" tv="-0.100814" />
                <vertex x="7.182335" y="2.813985" z="-5.322489" nx="-1.000000" ny="0.000000" nz="0.000000" tu="-0.744964" tv="-0.109533" />
                <vertex x="7.182335" y="2.813984" z="4.944471" nx="-1.000000" ny="0.000000" nz="0.000000" tu="-0.949690" tv="-0.109534" />
                <vertex x="7.182335" y="3.806584" z="-5.322488" nx="-1.000000" ny="0.000000" nz="0.000000" tu="-0.736241" tv="-0.100814" />
                <vertex x="-7.182335" y="3.806583" z="4.944471" nx="0.000000" ny="0.000000" nz="-1.000000" tu="-0.958412" tv="-0.409576" />
                <vertex x="7.182335" y="2.813984" z="4.944471" nx="0.000000" ny="0.000000" nz="-1.000000" tu="-0.949690" tv="-0.109534" />
                <vertex x="-7.182335" y="2.813984" z="4.944471" nx="0.000000" ny="0.000000" nz="-1.000000" tu="-0.949690" tv="-0.400856" />
                <vertex x="7.182335" y="3.806583" z="4.944471" nx="0.000000" ny="0.000000" nz="-1.000000" tu="-0.958412" tv="-0.100814" />
                <vertex x="8.173354" y="3.806584" z="-5.322488" nx="0.000000" ny="1.000000" nz="0.000000" tu="-0.737900" tv="-0.080345" />
                <vertex x="8.173354" y="3.806584" z="-6.300294" nx="0.000000" ny="1.000000" nz="0.000000" tu="-0.716298" tv="-0.080562" />
                <vertex x="7.182335" y="3.806584" z="-6.300294" nx="0.000000" ny="1.000000" nz="0.000000" tu="-0.716044" tv="-0.102455" />
                <vertex x="7.182335" y="3.806584" z="-5.322488" nx="0.000000" ny="1.000000" nz="0.000000" tu="-0.736241" tv="-0.100814" />
                <vertex x="8.173354" y="3.806583" z="4.944471" nx="0.000000" ny="1.000000" nz="0.000000" tu="-0.956753" tv="-0.080345" />
                <vertex x="7.182335" y="3.806583" z="4.944471" nx="0.000000" ny="1.000000" nz="0.000000" tu="-0.958412" tv="-0.100814" />
                <vertex x="8.173354" y="3.806583" z="5.922276" nx="0.000000" ny="1.000000" nz="0.000000" tu="-0.978355" tv="-0.080562" />
                <vertex x="7.182335" y="3.806583" z="5.922276" nx="0.000000" ny="1.000000" nz="0.000000" tu="-0.978609" tv="-0.102455" />
                <vertex x="-7.182335" y="3.806583" z="4.944471" nx="0.000000" ny="1.000000" nz="0.000000" tu="-0.958412" tv="-0.409576" />
                <vertex x="-7.182335" y="3.806583" z="5.922276" nx="0.000000" ny="1.000000" nz="0.000000" tu="-0.978609" tv="-0.407935" />
                <vertex x="-8.173354" y="3.806583" z="4.944471" nx="0.000000" ny="1.000000" nz="0.000000" tu="-0.956753" tv="-0.430045" />
                <vertex x="-8.173354" y="3.806583" z="5.922276" nx="0.000000" ny="1.000000" nz="0.000000" tu="-0.978355" tv="-0.429828" />
                <vertex x="-7.182335" y="3.806584" z="-6.300294" nx="0.000000" ny="1.000000" nz="0.000000" tu="-0.716044" tv="-0.407935" />
                <vertex x="-7.182335" y="3.806584" z="-5.322488" nx="0.000000" ny="1.000000" nz="0.000000" tu="-0.736241" tv="-0.409576" />
                <vertex x="-8.173354" y="3.806584" z="-6.300294" nx="0.000000" ny="1.000000" nz="0.000000" tu="-0.716298" tv="-0.429828" />
                <vertex x="-8.173354" y="3.806584" z="-5.322488" nx="0.000000" ny="1.000000" nz="0.000000" tu="-0.737900" tv="-0.430045" />
                <vertex x="-8.173354" y="-3.806583" z="-5.322489" nx="0.000000" ny="-1.000000" nz="0.000000" tu="-0.689444" tv="-0.061755" />
                <vertex x="-8.173354" y="-3.806583" z="-6.300294" nx="0.000000" ny="-1.000000" nz="0.000000" tu="-0.689495" tv="-0.040924" />
                <vertex x="-7.182335" y="-3.806583" z="-6.300294" nx="0.000000" ny="-1.000000" nz="0.000000" tu="-0.668429" tv="-0.040924" />
                <vertex x="-7.182335" y="-3.806583" z="-5.322489" nx="0.000000" ny="-1.000000" nz="0.000000" tu="-0.668379" tv="-0.061755" />
                <vertex x="-8.173354" y="-3.806584" z="4.944470" nx="0.000000" ny="-1.000000" nz="0.000000" tu="-0.688904" tv="-0.280480" />
                <vertex x="-7.182335" y="-3.806584" z="4.944470" nx="0.000000" ny="-1.000000" nz="0.000000" tu="-0.667856" tv="-0.280480" />
                <vertex x="-8.173354" y="-3.806584" z="5.922276" nx="0.000000" ny="-1.000000" nz="0.000000" tu="-0.688853" tv="-0.301311" />
                <vertex x="-7.182335" y="-3.806584" z="5.922276" nx="0.000000" ny="-1.000000" nz="0.000000" tu="-0.667806" tv="-0.301311" />
                <vertex x="7.182335" y="-3.806584" z="4.944471" nx="0.000000" ny="-1.000000" nz="0.000000" tu="-0.362758" tv="-0.280480" />
                <vertex x="7.182335" y="-3.806584" z="5.922276" nx="0.000000" ny="-1.000000" nz="0.000000" tu="-0.362730" tv="-0.301311" />
                <vertex x="8.173354" y="-3.806584" z="4.944471" nx="0.000000" ny="-1.000000" nz="0.000000" tu="-0.341709" tv="-0.280480" />
                <vertex x="8.173354" y="-3.806584" z="5.922276" nx="0.000000" ny="-1.000000" nz="0.000000" tu="-0.341683" tv="-0.301311" />
                <vertex x="7.182335" y="-3.806583" z="-6.300294" nx="0.000000" ny="-1.000000" nz="0.000000" tu="-0.363076" tv="-0.040924" />
                <vertex x="7.182335" y="-3.806583" z="-5.322488" nx="0.000000" ny="-1.000000" nz="0.000000" tu="-0.363049" tv="-0.061755" />
                <vertex x="8.173354" y="-3.806583" z="-5.322488" nx="0.000000" ny="-1.000000" nz="0.000000" tu="-0.341984" tv="-0.061755" />
                <vertex x="8.173354" y="-3.806583" z="-6.300294" nx="0.000000" ny="-1.000000" nz="0.000000" tu="-0.342010" tv="-0.040924" />
                <vertex x="-8.173354" y="3.806583" z="5.922276" nx="0.000000" ny="0.000000" nz="1.000000" tu="-0.690290" tv="-0.498272" />
                <vertex x="-8.173354" y="-3.806584" z="5.922276" nx="0.000000" ny="0.000000" nz="1.000000" tu="-0.688853" tv="-0.301311" />
                <vertex x="-7.182335" y="-3.806584" z="5.922276" nx="0.000000" ny="0.000000" nz="1.000000" tu="-0.667806" tv="-0.301311" />
                <vertex x="-7.182335" y="3.806583" z="5.922276" nx="0.000000" ny="0.000000" nz="1.000000" tu="-0.669112" tv="-0.498215" />
                <vertex x="7.182335" y="-3.806584" z="5.922276" nx="0.000000" ny="0.000000" nz="1.000000" tu="-0.362730" tv="-0.301311" />
                <vertex x="7.182335" y="3.806583" z="5.922276" nx="0.000000" ny="0.000000" nz="1.000000" tu="-0.362136" tv="-0.497392" />
                <vertex x="8.173354" y="-3.806584" z="5.922276" nx="0.000000" ny="0.000000" nz="1.000000" tu="-0.341683" tv="-0.301311" />
                <vertex x="8.173354" y="3.806583" z="5.922276" nx="0.000000" ny="0.000000" nz="1.000000" tu="-0.340958" tv="-0.497335" />
                <vertex x="-8.173354" y="-3.806583" z="-6.300294" nx="0.000000" ny="0.000000" nz="-1.000000" tu="-0.690174" tv="-0.758929" />
                <vertex x="-8.173354" y="3.806584" z="-6.300294" nx="0.000000" ny="0.000000" nz="-1.000000" tu="-0.689298" tv="-0.954012" />
                <vertex x="-7.182335" y="3.806584" z="-6.300294" nx="0.000000" ny="0.000000" nz="-1.000000" tu="-0.668270" tv="-0.954012" />
                <vertex x="-7.182335" y="-3.806583" z="-6.300294" nx="0.000000" ny="0.000000" nz="-1.000000" tu="-0.669045" tv="-0.758926" />
                <vertex x="7.182335" y="3.806584" z="-6.300294" nx="0.000000" ny="0.000000" nz="-1.000000" tu="-0.363471" tv="-0.954012" />
                <vertex x="7.182335" y="-3.806583" z="-6.300294" nx="0.000000" ny="0.000000" nz="-1.000000" tu="-0.362789" tv="-0.758876" />
                <vertex x="8.173354" y="3.806584" z="-6.300294" nx="0.000000" ny="0.000000" nz="-1.000000" tu="-0.342443" tv="-0.954012" />
                <vertex x="8.173354" y="-3.806583" z="-6.300294" nx="0.000000" ny="0.000000" nz="-1.000000" tu="-0.341660" tv="-0.758873" />
                <vertex x="-8.173354" y="3.806584" z="-6.300294" nx="-1.000000" ny="0.000000" nz="0.000000" tu="-0.690174" tv="-0.758929" />
                <vertex x="-8.173354" y="-3.806583" z="-6.300294" nx="-1.000000" ny="0.000000" nz="0.000000" tu="-0.871250" tv="-0.758516" />
                <vertex x="-8.173354" y="-3.806583" z="-5.322489" nx="-1.000000" ny="0.000000" nz="0.000000" tu="-0.871250" tv="-0.737774" />
                <vertex x="-8.173354" y="3.806584" z="-5.322488" nx="-1.000000" ny="0.000000" nz="0.000000" tu="-0.690183" tv="-0.738076" />
                <vertex x="-8.173354" y="-3.806584" z="4.944470" nx="-1.000000" ny="0.000000" nz="0.000000" tu="-0.871250" tv="-0.519980" />
                <vertex x="-8.173354" y="3.806583" z="4.944471" nx="-1.000000" ny="0.000000" nz="0.000000" tu="-0.690281" tv="-0.519125" />
                <vertex x="-8.173354" y="-3.806584" z="5.922276" nx="-1.000000" ny="0.000000" nz="0.000000" tu="-0.871250" tv="-0.499238" />
                <vertex x="-8.173354" y="3.806583" z="5.922276" nx="-1.000000" ny="0.000000" nz="0.000000" tu="-0.690290" tv="-0.498272" />
                <vertex x="8.173354" y="-3.806583" z="-6.300294" nx="1.000000" ny="0.000000" nz="0.000000" tu="-0.159986" tv="-0.497394" />
                <vertex x="8.173354" y="3.806584" z="-6.300294" nx="1.000000" ny="0.000000" nz="0.000000" tu="-0.340958" tv="-0.497335" />
                <vertex x="8.173354" y="3.806584" z="-5.322488" nx="1.000000" ny="0.000000" nz="0.000000" tu="-0.341014" tv="-0.518258" />
                <vertex x="8.173354" y="-3.806583" z="-5.322488" nx="1.000000" ny="0.000000" nz="0.000000" tu="-0.159986" tv="-0.518136" />
                <vertex x="8.173354" y="3.806583" z="4.944471" nx="1.000000" ny="0.000000" nz="0.000000" tu="-0.341604" tv="-0.737950" />
                <vertex x="8.173354" y="-3.806584" z="4.944471" nx="1.000000" ny="0.000000" nz="0.000000" tu="-0.159986" tv="-0.735930" />
                <vertex x="8.173354" y="3.806583" z="5.922276" nx="1.000000" ny="0.000000" nz="0.000000" tu="-0.341660" tv="-0.758873" />
                <vertex x="8.173354" y="-3.806584" z="5.922276" nx="1.000000" ny="0.000000" nz="0.000000" tu="-0.159986" tv="-0.756672" />
                <vertex x="7.182335" y="2.813984" z="4.944471" nx="0.000000" ny="1.000000" nz="0.000000" tu="-0.309525" tv="-0.057487" />
                <vertex x="-7.182335" y="2.813985" z="-5.322489" nx="0.000000" ny="1.000000" nz="0.000000" tu="-0.026196" tv="-0.453896" />
                <vertex x="-7.182335" y="2.813984" z="4.944471" nx="0.000000" ny="1.000000" nz="0.000000" tu="-0.309525" tv="-0.453896" />
                <vertex x="7.182335" y="2.813985" z="-5.322489" nx="0.000000" ny="1.000000" nz="0.000000" tu="-0.026196" tv="-0.057487" />
            </vertices>
            <faces count="68">
                <face a="0" b="1" c="2" />
                <face a="0" b="3" c="1" />
                <face a="4" b="5" c="6" />
                <face a="4" b="7" c="5" />
                <face a="8" b="9" c="10" />
                <face a="8" b="11" c="9" />
                <face a="12" b="13" c="14" />
                <face a="12" b="15" c="13" />
                <face a="16" b="17" c="18" />
                <face a="16" b="18" c="19" />
                <face a="20" b="16" c="19" />
                <face a="20" b="19" c="21" />
                <face a="22" b="20" c="21" />
                <face a="22" b="21" c="23" />
                <face a="23" b="21" c="24" />
                <face a="23" b="24" c="25" />
                <face a="26" b="25" c="24" />
                <face a="26" b="27" c="25" />
                <face a="28" b="19" c="18" />
                <face a="28" b="29" c="19" />
                <face a="30" b="29" c="28" />
                <face a="30" b="31" c="29" />
                <face a="31" b="24" c="29" />
                <face a="31" b="26" c="24" />
                <face a="32" b="33" c="34" />
                <face a="32" b="34" c="35" />
                <face a="36" b="32" c="35" />
                <face a="36" b="35" c="37" />
                <face a="38" b="36" c="37" />
                <face a="38" b="37" c="39" />
                <face a="39" b="37" c="40" />
                <face a="39" b="40" c="41" />
                <face a="42" b="41" c="40" />
                <face a="42" b="43" c="41" />
                <face a="44" b="35" c="34" />
                <face a="44" b="45" c="35" />
                <face a="37" b="35" c="45" />
                <face a="37" b="45" c="40" />
                <face a="46" b="40" c="45" />
                <face a="46" b="42" c="40" />
                <face a="47" b="45" c="44" />
                <face a="47" b="46" c="45" />
                <face a="48" b="49" c="50" />
                <face a="48" b="50" c="51" />
                <face a="52" b="51" c="50" />
                <face a="52" b="53" c="51" />
                <face a="54" b="53" c="52" />
                <face a="54" b="55" c="53" />
                <face a="56" b="57" c="58" />
                <face a="56" b="58" c="59" />
                <face a="60" b="59" c="58" />
                <face a="60" b="61" c="59" />
                <face a="62" b="61" c="60" />
                <face a="62" b="63" c="61" />
                <face a="64" b="65" c="66" />
                <face a="64" b="66" c="67" />
                <face a="68" b="67" c="66" />
                <face a="68" b="69" c="67" />
                <face a="70" b="69" c="68" />
                <face a="70" b="71" c="69" />
                <face a="72" b="73" c="74" />
                <face a="72" b="74" c="75" />
                <face a="76" b="75" c="74" />
                <face a="76" b="77" c="75" />
                <face a="78" b="77" c="76" />
                <face a="78" b="79" c="77" />
                <face a="80" b="81" c="82" />
                <face a="80" b="83" c="81" />
            </faces>
        </mesh>
    </meshes>
    <materials count="1">
        <material id="0">
            <texture name="Yaschik02.jpg" />
            <diffuse r="0.700000" g="0.700000" b="0.700000" a="1.000000" />
            <specular r="0.000000" g="0.000000" b="0.000000" power="50.000000" />
            <emissive r="0.000000" g="0.000000" b="0.000000" />
        </material>
    </materials>
    <animations count="3">
        <animation name="O_Take_Box" duration="25.000000" ticksPerSec="24.000000">
            <channel node="Yaschik1">
                <transforms count="26">
                    <transform time="0.000000" _11="1.000000" _12="0.000000" _13="0.000000" _14="0.000000" _21="0.000000" _22="1.000000" _23="0.000000" _24="0.000000" _31="0.000000" _32="0.000000" _33="1.000000" _34="0.000000" _41="0.000000" _42="3.982471" _43="15.703869" _44="1.000000" />
                    <transform time="1.000000" _11="1.000000" _12="0.000000" _13="0.000000" _14="0.000000" _21="0.000000" _22="1.000000" _23="0.000000" _24="0.000000" _31="0.000000" _32="0.000000" _33="1.000000" _34="0.000000" _41="0.000000" _42="3.982471" _43="15.703869" _44="1.000000" />
                    <transform time="2.000000" _11="1.000000" _12="0.000000" _13="0.000000" _14="0.000000" _21="0.000000" _22="1.000000" _23="0.000000" _24="0.000000" _31="0.000000" _32="0.000000" _33="1.000000" _34="0.000000" _41="0.000000" _42="3.982471" _43="15.703869" _44="1.000000" />
                    <transform time="3.000000" _11="1.000000" _12="0.000000" _13="0.000000" _14="0.000000" _21="0.000000" _22="1.000000" _23="0.000000" _24="0.000000" _31="0.000000" _32="0.000000" _33="1.000000" _34="0.000000" _41="0.000000" _42="3.982471" _43="15.703869" _44="1.000000" />
                    <transform time="4.000000" _11="1.000000" _12="0.000000" _13="0.000000" _14="0.000000" _21="0.000000" _22="1.000000" _23="0.000000" _24="0.000000" _31="0.000000" _32="0.000000" _33="1.000000" _34="0.000000" _41="0.000000" _42="3.982471" _43="15.703869" _44="1.000000" />
                    <transform time="5.000000" _11="1.000000" _12="0.000000" _13="0.000000" _14="0.000000" _21="0.000000" _22="1.000000" _23="0.000000" _24="0.000000" _31="0.000000" _32="0.000000" _33="1.000000" _34="0.000000" _41="0.000000" _42="3.982471" _43="15.703869" _44="1.000000" />
                    <transform time="6.000000" _11="1.000000" _12="0.000000" _13="0.000000" _14="0.000000" _21="0.000000" _22="1.000000" _23="0.000000" _24="0.000000" _31="0.000000" _32="0.000000" _33="1.000000" _34="0.000000" _41="0.000000" _42="3.982471" _43="15.703869" _44="1.000000" />
                    <transform time="7.000000" _11="1.000000" _12="0.000000" _13="0.000000" _14="0.000000" _21="0.000000" _22="1.000000" _23="0.000000" _24="0.000000" _31="0.000000" _32="0.000000" _33="1.000000" _34="0.000000" _41="0.000000" _42="3.982471" _43="15.703869" _44="1.000000" />
                    <transform time="8.000000" _11="1.000000" _12="0.000000" _13="0.000000" _14="0.000000" _21="0.000000" _22="1.000000" _23="0.000000" _24="0.000000" _31="0.000000" _32="0.000000" _33="1.000000" _34="0.000000" _41="0.000000" _42="3.982471" _43="15.703869" _44="1.000000" />
                    <transform time="9.000000" _11="1.000000" _12="0.000000" _13="0.000000" _14="0.000000" _21="0.000000" _22="1.000000" _23="0.000000" _24="0.000000" _31="0.000000" _32="0.000000" _33="1.000000" _34="0.000000" _41="0.000000" _42="3.982471" _43="15.703869" _44="1.000000" />
                    <transform time="10.000000" _11="1.000000" _12="0.000000" _13="0.000000" _14="0.000000" _21="0.000000" _22="1.000000" _23="0.000000" _24="0.000000" _31="0.000000" _32="0.000000" _33="1.000000" _34="0.000000" _41="0.000000" _42="3.982471" _43="15.703869" _44="1.000000" />
                    <transform time="11.000000" _11="1.000000" _12="0.000000" _13="0.000000" _14="0.000000" _21="0.000000" _22="1.000000" _23="0.000000" _24="0.000000" _31="0.000000" _32="0.000000" _33="1.000000" _34="0.000000" _41="0.000000" _42="3.982471" _43="15.703869" _44="1.000000" />
                    <transform time="12.000000" _11="1.000000" _12="0.000000" _13="0.000000" _14="0.000000" _21="0.000000" _22="0.999988" _23="-0.004891" _24="0.000000" _31="0.000000" _32="0.004891" _33="0.999988" _34="0.000000" _41="0.000000" _42="7.087242" _43="14.491755" _44="1.000000" />
                    <transform time="13.000000" _11="1.000000" _12="0.000000" _13="0.000000" _14="0.000000" _21="0.000000" _22="0.999835" _23="-0.018164" _24="0.000000" _31="0.000000" _32="0.018164" _33="0.999835" _34="0.000000" _41="0.000000" _42="10.740884" _43="13.519445" _44="1.000000" />
                    <transform time="14.000000" _11="1.000000" _12="0.000000" _13="0.000000" _14="0.000000" _21="0.000000" _22="0.999288" _23="-0.037719" _24="0.000000" _31="0.000000" _32="0.037719" _33="0.999288" _34="0.000000" _41="0.000000" _42="14.386203" _43="12.708038" _44="1.000000" />
                    <transform time="15.000000" _11="1.000000" _12="0.000000" _13="0.000000" _14="0.000000" _21="0.000000" _22="0.998111" _23="-0.061444" _24="0.000000" _31="0.000000" _32="0.061444" _33="0.998111" _34="0.000000" _41="0.000000" _42="17.904253" _43="12.018766" _44="1.000000" />
                    <transform time="16.000000" _11="1.000000" _12="0.000000" _13="0.000000" _14="0.000000" _21="0.000000" _22="0.996189" _23="-0.087222" _24="0.000000" _31="0.000000" _32="0.087222" _33="0.996189" _34="0.000000" _41="0.000000" _42="21.223099" _43="11.430130" _44="1.000000" />
                    <transform time="17.000000" _11="1.000000" _12="0.000000" _13="0.000000" _14="0.000000" _21="0.000000" _22="0.993602" _23="-0.112942" _24="0.000000" _31="0.000000" _32="0.112942" _33="0.993602" _34="0.000000" _41="0.000000" _42="24.275017" _43="10.929836" _44="1.000000" />
                    <transform time="18.000000" _11="1.000000" _12="0.000000" _13="0.000000" _14="0.000000" _21="0.000000" _22="0.990639" _23="-0.136511" _24="0.000000" _31="0.000000" _32="0.136511" _33="0.990639" _34="0.000000" _41="0.000000" _42="26.978809" _43="10.511414" _44="1.000000" />
                    <transform time="19.000000" _11="1.000000" _12="0.000000" _13="0.000000" _14="0.000000" _21="0.000000" _22="0.987779" _23="-0.155863" _24="0.000000" _31="0.000000" _32="0.155863" _33="0.987779" _34="0.000000" _41="0.000000" _42="29.221722" _43="10.172834" _44="1.000000" />
                    <transform time="20.000000" _11="1.000000" _12="0.000000" _13="0.000000" _14="0.000000" _21="0.000000" _22="0.985623" _23="-0.168962" _24="0.000000" _31="0.000000" _32="0.168962" _33="0.985623" _34="0.000000" _41="0.000000" _42="30.827484" _43="9.916240" _44="1.000000" />
                    <transform time="21.000000" _11="1.000000" _12="0.000000" _13="0.000000" _14="0.000000" _21="0.000000" _22="0.984785" _23="-0.173780" _24="0.000000" _31="0.000000" _32="0.173780" _33="0.984785" _34="0.000000" _41="0.000000" _42="31.479895" _43="9.748734" _44="1.000000" />
                    <transform time="22.000000" _11="1.000000" _12="0.000000" _13="0.000000" _14="0.000000" _21="0.000000" _22="0.984785" _23="-0.173780" _24="0.000000" _31="0.000000" _32="0.173780" _33="0.984785" _34="0.000000" _41="0.000000" _42="31.060675" _43="9.663055" _44="1.000000" />
                    <transform time="23.000000" _11="1.000000" _12="0.000000" _13="0.000000" _14="0.000000" _21="0.000000" _22="0.984785" _23="-0.173780" _24="0.000000" _31="0.000000" _32="0.173780" _33="0.984785" _34="0.000000" _41="0.000000" _42="30.137558" _43="9.626002" _44="1.000000" />
                    <transform time="24.000000" _11="1.000000" _12="0.000000" _13="0.000000" _14="0.000000" _21="0.000000" _22="0.984785" _23="-0.173780" _24="0.000000" _31="0.000000" _32="0.173780" _33="0.984785" _34="0.000000" _41="0.000000" _42="29.212353" _43="9.610661" _44="1.000000" />
                    <transform time="25.000000" _11="1.000000" _12="0.000000" _13="0.000000" _14="0.000000" _21="0.000000" _22="0.984785" _23="-0.173780" _24="0.000000" _31="0.000000" _32="0.173780" _33="0.984785" _34="0.000000" _41="0.000000" _42="28.786863" _43="9.590118" _44="1.000000" />
                </transforms>
            </channel>
        </animation>
        <animation name="O_Stay_Box" duration="60.000000" ticksPerSec="24.000000">
            <channel node="Yaschik1">
                <transforms count="61">
                    <transform time="0.000000" _11="1.000000" _12="0.000000" _13="0.000000" _14="0.000000" _21="0.000000" _22="0.984785" _23="-0.173780" _24="0.000000" _31="0.000000" _32="0.173780" _33="0.984785" _34="0.000000" _41="0.000000" _42="28.786863" _43="9.590118" _44="1.000000" />
                    <transform time="1.000000" _11="0.999762" _12="0.000000" _13="0.021810" _14="0.000000" _21="0.003790" _22="0.984785" _23="-0.173739" _24="0.000000" _31="-0.021478" _32="0.173780" _33="0.984550" _34="0.000000" _41="-0.198492" _42="28.779146" _43="9.557354" _44="1.000000" />
                    <transform time="2.000000" _11="0.999196" _12="0.000000" _13="0.040083" _14="0.000000" _21="0.006966" _22="0.984785" _23="-0.173640" _24="0.000000" _31="-0.039473" _32="0.173780" _33="0.983993" _34="0.000000" _41="-0.367445" _42="28.772623" _43="9.523511" _44="1.000000" />
                    <transform time="3.000000" _11="0.998388" _12="0.000000" _13="0.056751" _14="0.000000" _21="0.009862" _22="0.984785" _23="-0.173500" _24="0.000000" _31="-0.055888" _32="0.173780" _33="0.983197" _34="0.000000" _41="-0.512543" _42="28.767187" _43="9.488926" _44="1.000000" />
                    <transform time="4.000000" _11="0.997385" _12="0.000000" _13="0.072270" _14="0.000000" _21="0.012559" _22="0.984785" _23="-0.173325" _24="0.000000" _31="-0.071171" _32="0.173780" _33="0.982209" _34="0.000000" _41="-0.637750" _42="28.762724" _43="9.453937" _44="1.000000" />
                    <transform time="5.000000" _11="0.996224" _12="0.000000" _13="0.086819" _14="0.000000" _21="0.015087" _22="0.984785" _23="-0.173124" _24="0.000000" _31="-0.085498" _32="0.173780" _33="0.981066" _34="0.000000" _41="-0.745954" _42="28.759117" _43="9.418878" _44="1.000000" />
                    <transform time="6.000000" _11="0.994940" _12="0.000000" _13="0.100470" _14="0.000000" _21="0.017460" _22="0.984785" _23="-0.172901" _24="0.000000" _31="-0.098941" _32="0.173780" _33="0.979802" _34="0.000000" _41="-0.839325" _42="28.756252" _43="9.384087" _44="1.000000" />
                    <transform time="7.000000" _11="0.993567" _12="0.000000" _13="0.113243" _14="0.000000" _21="0.019679" _22="0.984785" _23="-0.172662" _24="0.000000" _31="-0.111520" _32="0.173780" _33="0.978450" _34="0.000000" _41="-0.919528" _42="28.754017" _43="9.349902" _44="1.000000" />
                    <transform time="8.000000" _11="0.992142" _12="0.000000" _13="0.125120" _14="0.000000" _21="0.021743" _22="0.984785" _23="-0.172414" _24="0.000000" _31="-0.123217" _32="0.173780" _33="0.977046" _34="0.000000" _41="-0.987864" _42="28.752298" _43="9.316658" _44="1.000000" />
                    <transform time="9.000000" _11="0.990701" _12="0.000000" _13="0.136055" _14="0.000000" _21="0.023644" _22="0.984785" _23="-0.172164" _24="0.000000" _31="-0.133985" _32="0.173780" _33="0.975627" _34="0.000000" _41="-1.045360" _42="28.750977" _43="9.284692" _44="1.000000" />
                    <transform time="10.000000" _11="0.989289" _12="0.000000" _13="0.145967" _14="0.000000" _21="0.025366" _22="0.984785" _23="-0.171919" _24="0.000000" _31="-0.143747" _32="0.173780" _33="0.974237" _34="0.000000" _41="-1.092826" _42="28.749943" _43="9.254340" _44="1.000000" />
                    <transform time="11.000000" _11="0.987955" _12="0.000000" _13="0.154740" _14="0.000000" _21="0.026891" _22="0.984785" _23="-0.171687" _24="0.000000" _31="-0.152386" _32="0.173780" _33="0.972923" _34="0.000000" _41="-1.130896" _42="28.749083" _43="9.225940" _44="1.000000" />
                    <transform time="12.000000" _11="0.986757" _12="0.000000" _13="0.162206" _14="0.000000" _21="0.028188" _22="0.984785" _23="-0.171478" _24="0.000000" _31="-0.159738" _32="0.173780" _33="0.971743" _34="0.000000" _41="-1.160061" _42="28.748278" _43="9.199828" _44="1.000000" />
                    <transform time="13.000000" _11="0.985766" _12="0.000000" _13="0.168123" _14="0.000000" _21="0.029216" _22="0.984785" _23="-0.171306" _24="0.000000" _31="-0.165565" _32="0.173780" _33="0.970767" _34="0.000000" _41="-1.180675" _42="28.747417" _43="9.176340" _44="1.000000" />
                    <transform time="14.000000" _11="0.985075" _12="0.000000" _13="0.172128" _14="0.000000" _21="0.029912" _22="0.984785" _23="-0.171186" _24="0.000000" _31="-0.169509" _32="0.173780" _33="0.970086" _34="0.000000" _41="-1.192975" _42="28.746389" _43="9.155814" _44="1.000000" />
                    <transform time="15.000000" _11="0.984808" _12="0.000000" _13="0.173648" _14="0.000000" _21="0.030177" _22="0.984785" _23="-0.171140" _24="0.000000" _31="-0.171006" _32="0.173780" _33="0.969823" _34="0.000000" _41="-1.197072" _42="28.745075" _43="9.138585" _44="1.000000" />
                    <transform time="16.000000" _11="0.985005" _12="0.000000" _13="0.172528" _14="0.000000" _21="0.029982" _22="0.984785" _23="-0.171174" _24="0.000000" _31="-0.169903" _32="0.173780" _33="0.970017" _34="0.000000" _41="-1.187453" _42="28.743597" _43="9.123335" _44="1.000000" />
                    <transform time="17.000000" _11="0.985570" _12="0.000000" _13="0.169267" _14="0.000000" _21="0.029415" _22="0.984785" _23="-0.171272" _24="0.000000" _31="-0.166691" _32="0.173780" _33="0.970574" _34="0.000000" _41="-1.159469" _42="28.742149" _43="9.108522" _44="1.000000" />
                    <transform time="18.000000" _11="0.986458" _12="0.000000" _13="0.164015" _14="0.000000" _21="0.028502" _22="0.984785" _23="-0.171427" _24="0.000000" _31="-0.161519" _32="0.173780" _33="0.971449" _34="0.000000" _41="-1.114432" _42="28.740736" _43="9.094154" _44="1.000000" />
                    <transform time="19.000000" _11="0.987611" _12="0.000000" _13="0.156920" _14="0.000000" _21="0.027269" _22="0.984785" _23="-0.171627" _24="0.000000" _31="-0.154532" _32="0.173780" _33="0.972584" _34="0.000000" _41="-1.053654" _42="28.739353" _43="9.080234" _44="1.000000" />
                    <transform time="20.000000" _11="0.988968" _12="0.000000" _13="0.148129" _14="0.000000" _21="0.025742" _22="0.984785" _23="-0.171863" _24="0.000000" _31="-0.145875" _32="0.173780" _33="0.973920" _34="0.000000" _41="-0.978447" _42="28.738010" _43="9.066768" _44="1.000000" />
                    <transform time="21.000000" _11="0.990461" _12="0.000000" _13="0.137790" _14="0.000000" _21="0.023945" _22="0.984785" _23="-0.172122" _24="0.000000" _31="-0.135694" _32="0.173780" _33="0.975391" _34="0.000000" _41="-0.890122" _42="28.736698" _43="9.053762" _44="1.000000" />
                    <transform time="22.000000" _11="0.992024" _12="0.000000" _13="0.126051" _14="0.000000" _21="0.021905" _22="0.984785" _23="-0.172394" _24="0.000000" _31="-0.124134" _32="0.173780" _33="0.976930" _34="0.000000" _41="-0.789991" _42="28.735428" _43="9.041222" _44="1.000000" />
                    <transform time="23.000000" _11="0.993588" _12="0.000000" _13="0.113062" _14="0.000000" _21="0.019648" _22="0.984785" _23="-0.172666" _24="0.000000" _31="-0.111342" _32="0.173780" _33="0.978470" _34="0.000000" _41="-0.679367" _42="28.734196" _43="9.029154" _44="1.000000" />
                    <transform time="24.000000" _11="0.995090" _12="0.000000" _13="0.098972" _14="0.000000" _21="0.017199" _22="0.984785" _23="-0.172927" _24="0.000000" _31="-0.097466" _32="0.173780" _33="0.979949" _34="0.000000" _41="-0.559560" _42="28.733002" _43="9.017562" _44="1.000000" />
                    <transform time="25.000000" _11="0.996471" _12="0.000000" _13="0.083936" _14="0.000000" _21="0.014586" _22="0.984785" _23="-0.173167" _24="0.000000" _31="-0.082658" _32="0.173780" _33="0.981309" _34="0.000000" _41="-0.431883" _42="28.731850" _43="9.006453" _44="1.000000" />
                    <transform time="26.000000" _11="0.997678" _12="0.000000" _13="0.068106" _14="0.000000" _21="0.011835" _22="0.984785" _23="-0.173376" _24="0.000000" _31="-0.067069" _32="0.173780" _33="0.982498" _34="0.000000" _41="-0.297647" _42="28.730742" _43="8.995830" _44="1.000000" />
                    <transform time="27.000000" _11="0.998666" _12="0.000000" _13="0.051639" _14="0.000000" _21="0.008974" _22="0.984785" _23="-0.173548" _24="0.000000" _31="-0.050853" _32="0.173780" _33="0.983471" _34="0.000000" _41="-0.158164" _42="28.729679" _43="8.985703" _44="1.000000" />
                    <transform time="28.000000" _11="0.999398" _12="0.000000" _13="0.034693" _14="0.000000" _21="0.006029" _22="0.984785" _23="-0.173675" _24="0.000000" _31="-0.034165" _32="0.173780" _33="0.984192" _34="0.000000" _41="-0.014746" _42="28.728659" _43="8.976072" _44="1.000000" />
                    <transform time="29.000000" _11="0.999848" _12="0.000000" _13="0.017427" _14="0.000000" _21="0.003028" _22="0.984785" _23="-0.173753" _24="0.000000" _31="-0.017161" _32="0.173780" _33="0.984635" _34="0.000000" _41="0.131296" _42="28.727694" _43="8.966947" _44="1.000000" />
                    <transform time="30.000000" _11="1.000000" _12="0.000000" _13="0.000000" _14="0.000000" _21="0.000000" _22="0.984785" _23="-0.173780" _24="0.000000" _31="0.000000" _32="0.173780" _33="0.984785" _34="0.000000" _41="0.278650" _42="28.726768" _43="8.958333" _44="1.000000" />
                    <transform time="31.000000" _11="0.999848" _12="0.000000" _13="-0.017427" _14="0.000000" _21="-0.003028" _22="0.984785" _23="-0.173753" _24="0.000000" _31="0.017161" _32="0.173780" _33="0.984635" _34="0.000000" _41="0.426003" _42="28.725899" _43="8.950234" _44="1.000000" />
                    <transform time="32.000000" _11="0.999398" _12="0.000000" _13="-0.034693" _14="0.000000" _21="-0.006029" _22="0.984785" _23="-0.173675" _24="0.000000" _31="0.034165" _32="0.173780" _33="0.984192" _34="0.000000" _41="0.572045" _42="28.725075" _43="8.942654" _44="1.000000" />
                    <transform time="33.000000" _11="0.998666" _12="0.000000" _13="-0.051639" _14="0.000000" _21="-0.008974" _22="0.984785" _23="-0.173548" _24="0.000000" _31="0.050853" _32="0.173780" _33="0.983471" _34="0.000000" _41="0.715463" _42="28.724306" _43="8.935603" _44="1.000000" />
                    <transform time="34.000000" _11="0.997678" _12="0.000000" _13="-0.068106" _14="0.000000" _21="-0.011835" _22="0.984785" _23="-0.173376" _24="0.000000" _31="0.067069" _32="0.173780" _33="0.982498" _34="0.000000" _41="0.854946" _42="28.723595" _43="8.929084" _44="1.000000" />
                    <transform time="35.000000" _11="0.996471" _12="0.000000" _13="-0.083936" _14="0.000000" _21="-0.014586" _22="0.984785" _23="-0.173167" _24="0.000000" _31="0.082658" _32="0.173780" _33="0.981309" _34="0.000000" _41="0.989182" _42="28.722935" _43="8.923102" _44="1.000000" />
                    <transform time="36.000000" _11="0.995090" _12="0.000000" _13="-0.098972" _14="0.000000" _21="-0.017199" _22="0.984785" _23="-0.172927" _24="0.000000" _31="0.097466" _32="0.173780" _33="0.979949" _34="0.000000" _41="1.116860" _42="28.722330" _43="8.917665" _44="1.000000" />
                    <transform time="37.000000" _11="0.993588" _12="0.000000" _13="-0.113062" _14="0.000000" _21="-0.019648" _22="0.984785" _23="-0.172666" _24="0.000000" _31="0.111342" _32="0.173780" _33="0.978470" _34="0.000000" _41="1.236666" _42="28.721786" _43="8.912775" _44="1.000000" />
                    <transform time="38.000000" _11="0.992024" _12="0.000000" _13="-0.126051" _14="0.000000" _21="-0.021905" _22="0.984785" _23="-0.172394" _24="0.000000" _31="0.124134" _32="0.173780" _33="0.976930" _34="0.000000" _41="1.347291" _42="28.721298" _43="8.908440" _44="1.000000" />
                    <transform time="39.000000" _11="0.990461" _12="0.000000" _13="-0.137790" _14="0.000000" _21="-0.023945" _22="0.984785" _23="-0.172122" _24="0.000000" _31="0.135694" _32="0.173780" _33="0.975391" _34="0.000000" _41="1.447421" _42="28.720875" _43="8.904665" _44="1.000000" />
                    <transform time="40.000000" _11="0.988968" _12="0.000000" _13="-0.148129" _14="0.000000" _21="-0.025742" _22="0.984785" _23="-0.171863" _24="0.000000" _31="0.145875" _32="0.173780" _33="0.973920" _34="0.000000" _41="1.535746" _42="28.720509" _43="8.901456" _44="1.000000" />
                    <transform time="41.000000" _11="0.987611" _12="0.000000" _13="-0.156920" _14="0.000000" _21="-0.027269" _22="0.984785" _23="-0.171627" _24="0.000000" _31="0.154532" _32="0.173780" _33="0.972584" _34="0.000000" _41="1.610953" _42="28.720207" _43="8.898817" _44="1.000000" />
                    <transform time="42.000000" _11="0.986458" _12="0.000000" _13="-0.164015" _14="0.000000" _21="-0.028502" _22="0.984785" _23="-0.171427" _24="0.000000" _31="0.161519" _32="0.173780" _33="0.971449" _34="0.000000" _41="1.671731" _42="28.719971" _43="8.896755" _44="1.000000" />
                    <transform time="43.000000" _11="0.985570" _12="0.000000" _13="-0.169267" _14="0.000000" _21="-0.029415" _22="0.984785" _23="-0.171272" _24="0.000000" _31="0.166691" _32="0.173780" _33="0.970574" _34="0.000000" _41="1.716768" _42="28.719803" _43="8.895276" _44="1.000000" />
                    <transform time="44.000000" _11="0.985005" _12="0.000000" _13="-0.172528" _14="0.000000" _21="-0.029982" _22="0.984785" _23="-0.171174" _24="0.000000" _31="0.169903" _32="0.173780" _33="0.970017" _34="0.000000" _41="1.744752" _42="28.719700" _43="8.894384" _44="1.000000" />
                    <transform time="45.000000" _11="0.984808" _12="0.000000" _13="-0.173648" _14="0.000000" _21="-0.030177" _22="0.984785" _23="-0.171140" _24="0.000000" _31="0.171006" _32="0.173780" _33="0.969823" _34="0.000000" _41="1.754372" _42="28.719664" _43="8.894086" _44="1.000000" />
                    <transform time="46.000000" _11="0.985075" _12="0.000000" _13="-0.172126" _14="0.000000" _21="-0.029912" _22="0.984785" _23="-0.171186" _24="0.000000" _31="0.169507" _32="0.173780" _33="0.970087" _34="0.000000" _41="1.744735" _42="28.720518" _43="8.902954" _44="1.000000" />
                    <transform time="47.000000" _11="0.985774" _12="0.000000" _13="-0.168079" _14="0.000000" _21="-0.029209" _22="0.984785" _23="-0.171308" _24="0.000000" _31="0.165521" _32="0.173780" _33="0.970775" _34="0.000000" _41="1.716594" _42="28.722927" _43="8.927908" _44="1.000000" />
                    <transform time="48.000000" _11="0.986781" _12="0.000000" _13="-0.162060" _14="0.000000" _21="-0.028163" _22="0.984785" _23="-0.171483" _24="0.000000" _31="0.159594" _32="0.173780" _33="0.971767" _34="0.000000" _41="1.670993" _42="28.726652" _43="8.966473" _44="1.000000" />
                    <transform time="49.000000" _11="0.988004" _12="0.000000" _13="-0.154429" _14="0.000000" _21="-0.026837" _22="0.984785" _23="-0.171695" _24="0.000000" _31="0.152079" _32="0.173780" _33="0.972971" _34="0.000000" _41="1.608845" _42="28.731449" _43="9.016175" _44="1.000000" />
                    <transform time="50.000000" _11="0.989368" _12="0.000000" _13="-0.145435" _14="0.000000" _21="-0.025274" _22="0.984785" _23="-0.171932" _24="0.000000" _31="0.143222" _32="0.173780" _33="0.974314" _34="0.000000" _41="1.530948" _42="28.737085" _43="9.074538" _44="1.000000" />
