<?xml version="1.0" ?>
<model>
    <node name="Scene_Root">
        <node name="Kist3">
            <matrix _11="1.000000" _12="0.000000" _13="0.000000" _14="0.000000" _21="0.000000" _22="1.000000" _23="0.000000" _24="0.000000" _31="0.000000" _32="0.000000" _33="1.000000" _34="0.000000" _41="0.000000" _42="0.000000" _43="0.000000" _44="1.000000" />
            <mesh ref="0" />
        </node>
        <node name="Camera_Root">
            <matrix _11="1.000000" _12="0.000000" _13="0.000000" _14="0.000000" _21="0.000000" _22="1.000000" _23="0.000000" _24="0.000000" _31="0.000000" _32="0.000000" _33="1.000000" _34="0.000000" _41="0.000000" _42="2.000000" _43="20.000000" _44="1.000000" />
            <node name="Camera">
                <matrix _11="1.000000" _12="0.000000" _13="0.000000" _14="0.000000" _21="0.000000" _22="1.000000" _23="0.000000" _24="0.000000" _31="0.000000" _32="0.000000" _33="1.000000" _34="0.000000" _41="0.000000" _42="0.000000" _43="0.000000" _44="1.000000" />
            </node>
        </node>
    </node>
    <meshes count="1">
        <mesh id="0" material="0">
            <vertices count="83">
                <vertex x="6.548068" y="23.773054" z="-1.437341" nx="-0.664514" ny="0.041261" nz="-0.746136" tu="-0.709761" tv="-0.772275" />
                <vertex x="6.500401" y="27.079178" z="-1.163633" nx="-0.927722" ny="0.054641" nz="-0.369250" tu="-0.761349" tv="-0.961464" />
                <vertex x="6.583849" y="27.117647" z="-1.222723" nx="-0.662767" ny="0.052287" nz="-0.746998" tu="-0.764548" tv="-0.967070" />
                <vertex x="6.280276" y="22.357166" z="-1.286597" nx="-0.939085" ny="0.032335" nz="-0.342161" tu="-0.727737" tv="-0.686598" />
                <vertex x="6.512074" y="27.079201" z="-1.097435" nx="-0.907956" ny="0.048735" nz="0.416223" tu="-0.763978" tv="-0.961413" />
                <vertex x="6.329386" y="23.065109" z="-1.027063" nx="-0.885121" ny="0.010800" nz="0.465237" tu="-0.739010" tv="-0.727849" />
                <vertex x="6.563566" y="27.079216" z="-1.054229" nx="-0.715485" ny="0.046459" nz="0.697082" tu="-0.766210" tv="-0.961794" />
                <vertex x="6.493955" y="23.419081" z="-0.872095" nx="-0.245196" ny="0.001263" nz="0.969473" tu="-0.749879" tv="-0.748536" />
                <vertex x="6.336184" y="20.478464" z="-1.146558" nx="-0.862455" ny="-0.013229" nz="0.505961" tu="-0.738144" tv="-0.575536" />
                <vertex x="6.494102" y="20.478464" z="-1.014048" nx="-0.232003" ny="-0.010608" nz="0.972657" tu="-0.751739" tv="-0.575474" />
                <vertex x="6.782681" y="23.242096" z="-0.949579" nx="0.249421" ny="-0.002504" nz="0.968392" tu="-0.767256" tv="-0.738355" />
                <vertex x="6.656531" y="27.079206" z="-1.075832" nx="0.269084" ny="0.041609" nz="0.962217" tu="-0.768620" tv="-0.962769" />
                <vertex x="6.563566" y="27.079216" z="-1.054229" nx="0.269084" ny="0.041609" nz="0.962217" tu="-0.766210" tv="-0.961794" />
                <vertex x="6.544036" y="20.478464" z="-1.598608" nx="-0.690852" ny="-0.013588" nz="-0.722868" tu="-0.704096" tv="-0.576474" />
                <vertex x="6.300387" y="20.478464" z="-1.349573" nx="-0.952390" ny="-0.015973" nz="-0.304465" tu="-0.725593" tv="-0.575886" />
                <vertex x="6.376377" y="17.440916" z="-1.177824" nx="-0.954245" ny="-0.050145" nz="-0.294791" tu="-0.727351" tv="-0.395320" />
                <vertex x="6.402835" y="17.442350" z="-1.026694" nx="-0.866084" ny="-0.007561" nz="0.499842" tu="-0.738583" tv="-0.395641" />
                <vertex x="6.520388" y="17.443295" z="-0.927926" nx="-0.232818" ny="0.018195" nz="0.972350" tu="-0.750662" tv="-0.396053" />
                <vertex x="6.779209" y="20.478464" z="-1.080303" nx="0.227924" ny="-0.008523" nz="0.973642" tu="-0.772210" tv="-0.575668" />
                <vertex x="6.557699" y="17.439184" z="-1.362786" nx="-0.713176" ny="-0.066132" nz="-0.697859" tu="-0.710436" tv="-0.397288" />
                <vertex x="6.561420" y="16.945297" z="-1.313767" nx="-0.708519" ny="0.187397" nz="-0.680355" tu="-0.698576" tv="-0.367336" />
                <vertex x="6.397541" y="16.947054" z="-1.146196" nx="-0.936037" ny="0.217424" nz="-0.276698" tu="-0.718380" tv="-0.364610" />
                <vertex x="6.421710" y="16.948483" z="-1.009693" nx="-0.840510" ny="0.210343" nz="0.499299" tu="-0.732951" tv="-0.365332" />
                <vertex x="6.527909" y="16.949411" z="-0.920694" nx="-0.222576" ny="0.206090" nz="0.952883" tu="-0.748181" tv="-0.366094" />
                <vertex x="6.732740" y="17.442822" z="-0.977310" nx="0.226361" ny="0.023677" nz="0.973756" tu="-0.769294" tv="-0.396036" />
                <vertex x="5.655203" y="15.495250" z="-1.377885" nx="-0.938643" ny="0.195637" nz="-0.284033" tu="-0.681162" tv="-0.271080" />
                <vertex x="5.768818" y="15.447312" z="-0.735324" nx="-0.856211" ny="0.110800" nz="0.504604" tu="-0.710351" tv="-0.270816" />
                <vertex x="6.270032" y="15.416021" z="-0.315922" nx="-0.228976" ny="0.059779" nz="0.971595" tu="-0.738285" tv="-0.271079" />
                <vertex x="7.174925" y="15.431666" z="-0.525623" nx="0.225497" ny="0.035692" nz="0.973590" tu="-0.779838" tv="-0.270705" />
                <vertex x="6.719542" y="16.948946" z="-0.965193" nx="0.220428" ny="0.175498" nz="0.959485" tu="-0.771292" tv="-0.365895" />
                <vertex x="6.428518" y="15.554056" z="-2.166102" nx="-0.698083" ny="0.210272" nz="-0.684446" tu="-0.623526" tv="-0.278486" />
                <vertex x="5.779762" y="14.562811" z="-1.489166" nx="-0.934368" ny="-0.186881" nz="-0.303366" tu="-0.681434" tv="-0.215375" />
                <vertex x="5.921107" y="14.310952" z="-0.985342" nx="-0.822693" ny="-0.301281" nz="0.482085" tu="-0.710444" tv="-0.205898" />
                <vertex x="6.330175" y="14.289646" z="-0.642798" nx="-0.207323" ny="-0.364096" nz="0.907993" tu="-0.738158" tv="-0.208012" />
                <vertex x="7.068710" y="14.300299" z="-0.814070" nx="0.192650" ny="-0.340023" nz="0.920473" tu="-0.779689" tv="-0.207402" />
                <vertex x="6.475719" y="14.113064" z="-2.129276" nx="-0.712390" ny="-0.101761" nz="-0.694366" tu="-0.641240" tv="-0.171237" />
                <vertex x="6.326964" y="12.782682" z="-1.624038" nx="-0.919615" ny="-0.265816" nz="-0.289223" tu="-0.718549" tv="-0.111437" />
                <vertex x="6.359557" y="12.782682" z="-1.439203" nx="-0.845065" ny="-0.272324" nz="0.460114" tu="-0.732177" tv="-0.114048" />
                <vertex x="6.472052" y="13.121754" z="-1.255394" nx="-0.235282" ny="-0.284698" nz="0.929295" tu="-0.744106" tv="-0.135036" />
                <vertex x="6.778548" y="12.952218" z="-1.347299" nx="0.212289" ny="-0.243572" nz="0.946365" tu="-0.771392" tv="-0.125183" />
                <vertex x="6.597175" y="11.604892" z="-1.385435" nx="0.255221" ny="-0.061669" nz="0.964914" tu="-0.758126" tv="-0.048904" />
                <vertex x="6.548796" y="12.782682" z="-1.850773" nx="-0.703105" ny="-0.233895" nz="-0.671518" tu="-0.699722" tv="-0.102379" />
                <vertex x="6.597175" y="11.604892" z="-1.385435" nx="-0.967758" ny="-0.242349" nz="0.068632" tu="-0.758126" tv="-0.048904" />
                <vertex x="6.861278" y="22.180182" z="-1.396270" nx="0.385766" ny="0.044675" nz="-0.921514" tu="-0.794702" tv="-0.676738" />
                <vertex x="6.583849" y="27.117647" z="-1.222723" nx="0.377067" ny="0.053687" nz="-0.924629" tu="-0.764548" tv="-0.967070" />
                <vertex x="6.677147" y="27.079170" z="-1.192740" nx="0.377067" ny="0.053687" nz="-0.924629" tu="-0.770864" tv="-0.964271" />
                <vertex x="6.548068" y="23.773054" z="-1.437341" nx="0.385766" ny="0.044675" nz="-0.921514" tu="-0.809244" tv="-0.772885" />
                <vertex x="6.842429" y="20.478464" z="-1.438837" nx="0.433610" ny="-0.015270" nz="-0.900971" tu="-0.797293" tv="-0.576391" />
                <vertex x="6.544036" y="20.478464" z="-1.598608" nx="0.433610" ny="-0.015270" nz="-0.900971" tu="-0.818805" tv="-0.576922" />
                <vertex x="6.779565" y="17.440294" z="-1.244150" nx="0.470717" ny="-0.074970" nz="-0.879093" tu="-0.792497" tv="-0.395513" />
                <vertex x="6.557699" y="17.439184" z="-1.362786" nx="0.470717" ny="-0.074970" nz="-0.879093" tu="-0.809616" tv="-0.397216" />
                <vertex x="6.762161" y="16.946424" z="-1.206259" nx="0.469293" ny="0.183885" nz="-0.863684" tu="-0.800893" tv="-0.364522" />
                <vertex x="6.561420" y="16.945297" z="-1.313767" nx="0.469293" ny="0.183885" nz="-0.863684" tu="-0.820877" tv="-0.366980" />
                <vertex x="7.375576" y="15.516328" z="-1.660414" nx="0.461976" ny="0.223564" nz="-0.858252" tu="-0.837541" tv="-0.270587" />
                <vertex x="6.428518" y="15.554056" z="-2.166102" nx="0.461976" ny="0.223564" nz="-0.858252" tu="-0.895110" tv="-0.277886" />
                <vertex x="7.241534" y="14.378491" z="-1.734604" nx="0.464492" ny="-0.069805" nz="-0.882822" tu="-0.835006" tv="-0.201880" />
                <vertex x="6.475719" y="14.113064" z="-2.129276" nx="0.464492" ny="-0.069805" nz="-0.882822" tu="-0.876711" tv="-0.171290" />
                <vertex x="6.849861" y="12.952218" z="-1.751729" nx="0.457923" ny="-0.225099" nz="-0.860021" tu="-0.805270" tv="-0.119798" />
                <vertex x="6.548796" y="12.782682" z="-1.850773" nx="0.457923" ny="-0.225099" nz="-0.860021" tu="-0.817394" tv="-0.102266" />
                <vertex x="6.597175" y="11.604892" z="-1.385435" nx="0.450791" ny="-0.311922" nz="-0.836356" tu="-0.758126" tv="-0.048904" />
                <vertex x="6.778548" y="12.952218" z="-1.347299" nx="0.965354" ny="-0.201211" nz="0.166151" tu="-0.771392" tv="-0.125183" />
                <vertex x="6.597175" y="11.604892" z="-1.385435" nx="0.975630" ny="-0.136206" nz="0.172031" tu="-0.758126" tv="-0.048904" />
                <vertex x="6.849861" y="12.952218" z="-1.751729" nx="0.965354" ny="-0.201211" nz="0.166151" tu="-0.805270" tv="-0.119798" />
                <vertex x="7.241534" y="14.378491" z="-1.734604" nx="0.966370" ny="-0.198241" nz="0.163796" tu="-0.835006" tv="-0.201880" />
                <vertex x="7.068710" y="14.300299" z="-0.814070" nx="0.966370" ny="-0.198241" nz="0.163796" tu="-0.779689" tv="-0.207402" />
                <vertex x="7.375576" y="15.516328" z="-1.660414" nx="0.977987" ny="0.104971" nz="0.180341" tu="-0.837541" tv="-0.270587" />
                <vertex x="7.174925" y="15.431666" z="-0.525623" nx="0.977987" ny="0.104971" nz="0.180341" tu="-0.779838" tv="-0.270705" />
                <vertex x="6.762161" y="16.946424" z="-1.206259" nx="0.970467" ny="0.158916" nz="0.181491" tu="-0.800893" tv="-0.364522" />
                <vertex x="6.719542" y="16.948946" z="-0.965193" nx="0.970467" ny="0.158916" nz="0.181491" tu="-0.771292" tv="-0.365895" />
                <vertex x="6.732740" y="17.442822" z="-0.977310" nx="0.984718" ny="-0.015474" nz="0.173470" tu="-0.769294" tv="-0.396036" />
                <vertex x="6.779565" y="17.440294" z="-1.244150" nx="0.984718" ny="-0.015474" nz="0.173470" tu="-0.792497" tv="-0.395513" />
                <vertex x="6.842429" y="20.478464" z="-1.438837" nx="0.983386" ny="-0.010740" nz="0.181212" tu="-0.797293" tv="-0.576391" />
                <vertex x="6.779209" y="20.478464" z="-1.080303" nx="0.983386" ny="-0.010740" nz="0.181212" tu="-0.772210" tv="-0.575668" />
                <vertex x="6.861278" y="22.180182" z="-1.396270" nx="0.988653" ny="0.011041" nz="0.149809" tu="-0.794702" tv="-0.676738" />
                <vertex x="6.782681" y="23.242096" z="-0.949579" nx="0.988653" ny="0.011041" nz="0.149809" tu="-0.767256" tv="-0.738355" />
                <vertex x="6.677147" y="27.079170" z="-1.192740" nx="0.993315" ny="0.034305" nz="0.110219" tu="-0.770864" tv="-0.964271" />
                <vertex x="6.656531" y="27.079206" z="-1.075832" nx="0.993315" ny="0.034305" nz="0.110219" tu="-0.768620" tv="-0.962769" />
                <vertex x="6.656531" y="27.079206" z="-1.075832" nx="0.211333" ny="0.966106" nz="0.148250" tu="-0.768620" tv="-0.962769" />
                <vertex x="6.677147" y="27.079170" z="-1.192740" nx="0.362920" ny="0.929640" nz="0.063701" tu="-0.770864" tv="-0.964271" />
                <vertex x="6.583849" y="27.117647" z="-1.222723" nx="-0.034064" ny="0.988754" nz="0.145623" tu="-0.764548" tv="-0.967070" />
                <vertex x="6.563566" y="27.079216" z="-1.054229" nx="-0.057846" ny="0.974815" nz="0.215381" tu="-0.766210" tv="-0.961794" />
                <vertex x="6.512074" y="27.079201" z="-1.097435" nx="-0.275508" ny="0.951875" nz="0.134275" tu="-0.763978" tv="-0.961413" />
                <vertex x="6.500401" y="27.079178" z="-1.163633" nx="-0.378530" ny="0.923200" nz="0.066456" tu="-0.761349" tv="-0.961464" />
            </vertices>
            <faces count="94">
                <face a="0" b="1" c="2" />
                <face a="0" b="3" c="1" />
                <face a="3" b="4" c="1" />
                <face a="3" b="5" c="4" />
                <face a="5" b="6" c="4" />
                <face a="5" b="7" c="6" />
                <face a="7" b="5" c="8" />
                <face a="7" b="8" c="9" />
                <face a="10" b="7" c="9" />
                <face a="7" b="10" c="11" />
                <face a="7" b="11" c="12" />
                <face a="3" b="0" c="13" />
                <face a="3" b="13" c="14" />
                <face a="5" b="3" c="14" />
                <face a="5" b="14" c="8" />
                <face a="8" b="14" c="15" />
                <face a="8" b="15" c="16" />
                <face a="9" b="8" c="16" />
                <face a="9" b="16" c="17" />
                <face a="18" b="9" c="17" />
                <face a="10" b="9" c="18" />
                <face a="14" b="13" c="19" />
                <face a="14" b="19" c="15" />
                <face a="15" b="19" c="20" />
                <face a="15" b="20" c="21" />
                <face a="16" b="15" c="21" />
                <face a="16" b="21" c="22" />
                <face a="17" b="16" c="22" />
                <face a="17" b="22" c="23" />
                <face a="24" b="17" c="23" />
                <face a="18" b="17" c="24" />
                <face a="25" b="21" c="20" />
                <face a="26" b="21" c="25" />
                <face a="26" b="22" c="21" />
                <face a="27" b="22" c="26" />
                <face a="27" b="23" c="22" />
                <face a="28" b="23" c="27" />
                <face a="28" b="29" c="23" />
                <face a="24" b="23" c="29" />
                <face a="25" b="20" c="30" />
                <face a="31" b="25" c="30" />
                <face a="32" b="25" c="31" />
                <face a="32" b="26" c="25" />
                <face a="33" b="26" c="32" />
                <face a="33" b="27" c="26" />
                <face a="34" b="27" c="33" />
                <face a="34" b="28" c="27" />
                <face a="31" b="30" c="35" />
                <face a="36" b="31" c="35" />
                <face a="37" b="31" c="36" />
                <face a="37" b="32" c="31" />
                <face a="38" b="32" c="37" />
                <face a="38" b="33" c="32" />
                <face a="34" b="33" c="38" />
                <face a="34" b="38" c="39" />
                <face a="38" b="40" c="39" />
                <face a="36" b="35" c="41" />
                <face a="41" b="42" c="36" />
                <face a="36" b="42" c="37" />
                <face a="37" b="42" c="38" />
                <face a="43" b="44" c="45" />
                <face a="43" b="46" c="44" />
                <face a="46" b="43" c="47" />
                <face a="46" b="47" c="48" />
                <face a="48" b="47" c="49" />
                <face a="48" b="49" c="50" />
                <face a="50" b="49" c="51" />
                <face a="50" b="51" c="52" />
                <face a="53" b="52" c="51" />
                <face a="53" b="54" c="52" />
                <face a="55" b="54" c="53" />
                <face a="55" b="56" c="54" />
                <face a="56" b="55" c="57" />
                <face a="56" b="57" c="58" />
                <face a="57" b="59" c="58" />
                <face a="60" b="61" c="62" />
                <face a="63" b="60" c="62" />
                <face a="63" b="64" c="60" />
                <face a="64" b="63" c="65" />
                <face a="64" b="65" c="66" />
                <face a="66" b="65" c="67" />
                <face a="66" b="67" c="68" />
                <face a="67" b="69" c="68" />
                <face a="67" b="70" c="69" />
                <face a="71" b="69" c="70" />
                <face a="71" b="72" c="69" />
                <face a="73" b="72" c="71" />
                <face a="73" b="74" c="72" />
                <face a="74" b="73" c="75" />
                <face a="74" b="75" c="76" />
                <face a="77" b="78" c="79" />
                <face a="80" b="77" c="79" />
                <face a="81" b="80" c="79" />
                <face a="82" b="81" c="79" />
            </faces>
        </mesh>
    </meshes>
    <materials count="1">
        <material id="0">
            <texture name="Kist00.jpg" />
            <diffuse r="0.700000" g="0.700000" b="0.700000" a="1.000000" />
            <specular r="1.000000" g="1.000000" b="1.000000" power="50.000000" />
            <emissive r="0.000000" g="0.000000" b="0.000000" />
        </material>
    </materials>
    <animations count="5">
        <animation name="O_Take_Brush" duration="25.000000" ticksPerSec="24.000000">
            <channel node="Kist3">
                <transforms count="26">
                    <transform time="0.000000" _11="1.000000" _12="0.000000" _13="0.000000" _14="0.000000" _21="0.000000" _22="1.000000" _23="0.000000" _24="0.000000" _31="0.000000" _32="0.000000" _33="1.000000" _34="0.000000" _41="0.000000" _42="0.000000" _43="0.000000" _44="1.000000" />
                    <transform time="1.000000" _11="1.000000" _12="0.000000" _13="0.000000" _14="0.000000" _21="0.000000" _22="1.000000" _23="0.000000" _24="0.000000" _31="0.000000" _32="0.000000" _33="1.000000" _34="0.000000" _41="0.000000" _42="0.000000" _43="0.000000" _44="1.000000" />
                    <transform time="2.000000" _11="1.000000" _12="0.000000" _13="0.000000" _14="0.000000" _21="0.000000" _22="1.000000" _23="0.000000" _24="0.000000" _31="0.000000" _32="0.000000" _33="1.000000" _34="0.000000" _41="0.000000" _42="0.000000" _43="0.000000" _44="1.000000" />
                    <transform time="3.000000" _11="1.000000" _12="0.000000" _13="0.000000" _14="0.000000" _21="0.000000" _22="1.000000" _23="0.000000" _24="0.000000" _31="0.000000" _32="0.000000" _33="1.000000" _34="0.000000" _41="0.000000" _42="0.000000" _43="0.000000" _44="1.000000" />
                    <transform time="4.000000" _11="1.000000" _12="0.000000" _13="0.000000" _14="0.000000" _21="0.000000" _22="1.000000" _23="0.000000" _24="0.000000" _31="0.000000" _32="0.000000" _33="1.000000" _34="0.000000" _41="0.000000" _42="0.000000" _43="0.000000" _44="1.000000" />
                    <transform time="5.000000" _11="1.000000" _12="0.000000" _13="0.000000" _14="0.000000" _21="0.000000" _22="1.000000" _23="0.000000" _24="0.000000" _31="0.000000" _32="0.000000" _33="1.000000" _34="0.000000" _41="0.000000" _42="0.000000" _43="0.000000" _44="1.000000" />
                    <transform time="6.000000" _11="1.000000" _12="0.000000" _13="0.000000" _14="0.000000" _21="0.000000" _22="0.997587" _23="-0.069422" _24="0.000000" _31="0.000000" _32="0.069422" _33="0.997587" _34="0.000000" _41="0.000000" _42="0.843114" _43="2.482818" _44="1.000000" />
                    <transform time="7.000000" _11="1.000000" _12="0.000000" _13="0.000000" _14="0.000000" _21="0.000000" _22="0.971578" _23="-0.236721" _24="0.000000" _31="0.000000" _32="0.236721" _33="0.971578" _34="0.000000" _41="0.000000" _42="3.372692" _43="8.466806" _44="1.000000" />
                    <transform time="8.000000" _11="1.000000" _12="0.000000" _13="0.000000" _14="0.000000" _21="0.000000" _22="0.900381" _23="-0.435102" _24="0.000000" _31="0.000000" _32="0.435102" _33="0.900381" _34="0.000000" _41="0.000000" _42="7.430181" _43="15.638205" _44="1.000000" />
                    <transform time="9.000000" _11="1.000000" _12="0.000000" _13="0.000000" _14="0.000000" _21="0.000000" _22="0.799354" _23="-0.600861" _24="0.000000" _31="0.000000" _32="0.600861" _33="0.799354" _34="0.000000" _41="0.000000" _42="12.000373" _43="21.796652" _44="1.000000" />
                    <transform time="10.000000" _11="1.000000" _12="0.000000" _13="0.000000" _14="0.000000" _21="0.000000" _22="0.722154" _23="-0.691732" _24="0.000000" _31="0.000000" _32="0.691732" _33="0.722154" _34="0.000000" _41="0.000000" _42="15.200275" _43="25.283714" _44="1.000000" />
                    <transform time="11.000000" _11="1.000000" _12="0.000000" _13="0.000000" _14="0.000000" _21="0.000000" _22="0.679084" _23="-0.734061" _24="0.000000" _31="0.000000" _32="0.734061" _33="0.679084" _34="0.000000" _41="-0.037534" _42="16.967604" _43="26.928476" _44="1.000000" />
                    <transform time="12.000000" _11="1.000000" _12="0.000000" _13="0.000000" _14="0.000000" _21="0.000000" _22="0.636483" _23="-0.771291" _24="0.000000" _31="0.000000" _32="0.771291" _33="0.636483" _34="0.000000" _41="-0.143152" _42="18.675032" _43="28.399244" _44="1.000000" />
                    <transform time="13.000000" _11="1.000000" _12="0.000000" _13="0.000000" _14="0.000000" _21="0.000000" _22="0.594955" _23="-0.803759" _24="0.000000" _31="0.000000" _32="0.803759" _33="0.594955" _34="0.000000" _41="-0.306380" _42="20.310759" _43="29.705563" _44="1.000000" />
                    <transform time="14.000000" _11="1.000000" _12="0.000000" _13="0.000000" _14="0.000000" _21="0.000000" _22="0.555037" _23="-0.831826" _24="0.000000" _31="0.000000" _32="0.831826" _33="0.555037" _34="0.000000" _41="-0.516743" _42="21.864395" _43="30.857470" _44="1.000000" />
                    <transform time="15.000000" _11="1.000000" _12="0.000000" _13="0.000000" _14="0.000000" _21="0.000000" _22="0.517198" _23="-0.855866" _24="0.000000" _31="0.000000" _32="0.855866" _33="0.517198" _34="0.000000" _41="-0.763768" _42="23.326902" _43="31.865252" _44="1.000000" />
                    <transform time="16.000000" _11="1.000000" _12="0.000000" _13="0.000000" _14="0.000000" _21="0.000000" _22="0.481848" _23="-0.876255" _24="0.000000" _31="0.000000" _32="0.876255" _33="0.481848" _34="0.000000" _41="-1.036978" _42="24.690500" _43="32.739166" _44="1.000000" />
                    <transform time="17.000000" _11="1.000000" _12="0.000000" _13="0.000000" _14="0.000000" _21="0.000000" _22="0.449339" _23="-0.893361" _24="0.000000" _31="0.000000" _32="0.893361" _33="0.449339" _34="0.000000" _41="-1.325901" _42="25.948549" _43="33.489227" _44="1.000000" />
                    <transform time="18.000000" _11="1.000000" _12="0.000000" _13="0.000000" _14="0.000000" _21="0.000000" _22="0.419973" _23="-0.907537" _24="0.000000" _31="0.000000" _32="0.907537" _33="0.419973" _34="0.000000" _41="-1.620060" _42="27.095444" _43="34.125004" _44="1.000000" />
                    <transform time="19.000000" _11="1.000000" _12="0.000000" _13="0.000000" _14="0.000000" _21="0.000000" _22="0.394003" _23="-0.919109" _24="0.000000" _31="0.000000" _32="0.919109" _33="0.394003" _34="0.000000" _41="-1.908983" _42="28.126457" _43="34.655441" _44="1.000000" />
                    <transform time="20.000000" _11="1.000000" _12="0.000000" _13="0.000000" _14="0.000000" _21="0.000000" _22="0.371646" _23="-0.928374" _24="0.000000" _31="0.000000" _32="0.928374" _33="0.371646" _34="0.000000" _41="-2.182193" _42="29.037659" _43="35.088722" _44="1.000000" />
                    <transform time="21.000000" _11="1.000000" _12="0.000000" _13="0.000000" _14="0.000000" _21="0.000000" _22="0.353082" _23="-0.935592" _24="0.000000" _31="0.000000" _32="0.935592" _33="0.353082" _34="0.000000" _41="-2.429218" _42="29.825739" _43="35.432140" _44="1.000000" />
                    <transform time="22.000000" _11="1.000000" _12="0.000000" _13="0.000000" _14="0.000000" _21="0.000000" _22="0.338461" _23="-0.940981" _24="0.000000" _31="0.000000" _32="0.940981" _33="0.338461" _34="0.000000" _41="-2.639581" _42="30.487930" _43="35.691971" _44="1.000000" />
                    <transform time="23.000000" _11="1.000000" _12="0.000000" _13="0.000000" _14="0.000000" _21="0.000000" _22="0.327905" _23="-0.944711" _24="0.000000" _31="0.000000" _32="0.944711" _33="0.327905" _34="0.000000" _41="-2.802809" _42="31.021910" _43="35.873386" _44="1.000000" />
                    <transform time="24.000000" _11="1.000000" _12="0.000000" _13="0.000000" _14="0.000000" _21="0.000000" _22="0.321515" _23="-0.946904" _24="0.000000" _31="0.000000" _32="0.946904" _33="0.321515" _34="0.000000" _41="-2.908427" _42="31.425695" _43="35.980373" _44="1.000000" />
                    <transform time="25.000000" _11="1.000000" _12="0.000000" _13="0.000000" _14="0.000000" _21="0.000000" _22="0.319371" _23="-0.947630" _24="0.000000" _31="0.000000" _32="0.947630" _33="0.319371" _34="0.000000" _41="-2.945961" _42="31.697613" _43="36.015648" _44="1.000000" />
                </transforms>
            </channel>
        </animation>
        <animation name="O_Brush" duration="25.000000" ticksPerSec="24.000000">
            <channel node="Kist3">
                <transforms count="26">
                    <transform time="0.000000" _11="1.000000" _12="0.000000" _13="0.000000" _14="0.000000" _21="0.000000" _22="0.319371" _23="-0.947630" _24="0.000000" _31="0.000000" _32="0.947630" _33="0.319371" _34="0.000000" _41="-2.945961" _42="31.697613" _43="36.015648" _44="1.000000" />
                    <transform time="1.000000" _11="1.000000" _12="0.000000" _13="0.000000" _14="0.000000" _21="0.000000" _22="0.212775" _23="-0.977101" _24="0.000000" _31="0.000000" _32="0.977101" _33="0.212775" _34="0.000000" _41="-2.945961" _42="34.423828" _43="36.582428" _44="1.000000" />
                    <transform time="2.000000" _11="1.000000" _12="0.000000" _13="0.000000" _14="0.000000" _21="0.000000" _22="0.008918" _23="-0.999960" _24="0.000000" _31="0.000000" _32="0.999960" _33="0.008918" _34="0.000000" _41="-2.945961" _42="39.409973" _43="36.886353" _44="1.000000" />
                    <transform time="3.000000" _11="1.000000" _12="0.000000" _13="0.000000" _14="0.000000" _21="0.000000" _22="-0.101558" _23="-0.994830" _24="0.000000" _31="0.000000" _32="0.994830" _33="-0.101558" _34="0.000000" _41="-2.945961" _42="42.181435" _43="36.643200" _44="1.000000" />
                    <transform time="4.000000" _11="1.000000" _12="0.000000" _13="0.000000" _14="0.000000" _21="0.000000" _22="0.082889" _23="-0.996559" _24="0.000000" _31="0.000000" _32="0.996559" _33="0.082889" _34="0.000000" _41="-2.945961" _42="38.073898" _43="36.889992" _44="1.000000" />
                    <transform time="5.000000" _11="1.000000" _12="0.000000" _13="0.000000" _14="0.000000" _21="0.000000" _22="0.413260" _23="-0.910613" _24="0.000000" _31="0.000000" _32="0.910613" _33="0.413260" _34="0.000000" _41="-2.945961" _42="30.439634" _43="35.258980" _44="1.000000" />
                    <transform time="6.000000" _11="1.000000" _12="0.000000" _13="0.000000" _14="0.000000" _21="0.000000" _22="0.573481" _23="-0.819219" _24="0.000000" _31="0.000000" _32="0.819219" _33="0.573481" _34="0.000000" _41="-2.945961" _42="26.718334" _43="33.310596" _44="1.000000" />
                    <transform time="7.000000" _11="1.000000" _12="0.000000" _13="0.000000" _14="0.000000" _21="0.000000" _22="0.395786" _23="-0.918343" _24="0.000000" _31="0.000000" _32="0.918343" _33="0.395786" _34="0.000000" _41="-2.945961" _42="31.023340" _43="35.419369" _44="1.000000" />
                    <transform time="8.000000" _11="1.000000" _12="0.000000" _13="0.000000" _14="0.000000" _21="0.000000" _22="0.028389" _23="-0.999597" _24="0.000000" _31="0.000000" _32="0.999597" _33="0.028389" _34="0.000000" _41="-2.945961" _42="39.657234" _43="36.899700" _44="1.000000" />
                    <transform time="9.000000" _11="1.000000" _12="0.000000" _13="0.000000" _14="0.000000" _21="0.000000" _22="-0.174534" _23="-0.984651" _24="0.000000" _31="0.000000" _32="0.984651" _33="-0.174534" _34="0.000000" _41="-2.945961" _42="44.270611" _43="36.324516" _44="1.000000" />
                    <transform time="10.000000" _11="1.000000" _12="0.000000" _13="0.000000" _14="0.000000" _21="0.000000" _22="-0.018644" _23="-0.999826" _24="0.000000" _31="0.000000" _32="0.999826" _33="-0.018644" _34="0.000000" _41="-2.945961" _42="40.459225" _43="36.852371" _44="1.000000" />
                    <transform time="11.000000" _11="1.000000" _12="0.000000" _13="0.000000" _14="0.000000" _21="0.000000" _22="0.269169" _23="-0.963093" _24="0.000000" _31="0.000000" _32="0.963093" _33="0.269169" _34="0.000000" _41="-2.945961" _42="33.425556" _43="36.319447" _44="1.000000" />
                    <transform time="12.000000" _11="1.000000" _12="0.000000" _13="0.000000" _14="0.000000" _21="0.000000" _22="0.416249" _23="-0.909251" _24="0.000000" _31="0.000000" _32="0.909251" _33="0.416249" _34="0.000000" _41="-2.945961" _42="29.587450" _43="35.230602" _44="1.000000" />
                    <transform time="13.000000" _11="1.000000" _12="0.000000" _13="0.000000" _14="0.000000" _21="0.000000" _22="0.255485" _23="-0.966813" _24="0.000000" _31="0.000000" _32="0.966813" _33="0.255485" _34="0.000000" _41="-2.945961" _42="33.009979" _43="36.390724" _44="1.000000" />
                    <transform time="14.000000" _11="1.000000" _12="0.000000" _13="0.000000" _14="0.000000" _21="0.000000" _22="-0.059125" _23="-0.998251" _24="0.000000" _31="0.000000" _32="0.998251" _33="-0.059125" _34="0.000000" _41="-2.945961" _42="39.984280" _43="36.770359" _44="1.000000" />
                    <transform time="15.000000" _11="1.000000" _12="0.000000" _13="0.000000" _14="0.000000" _21="0.000000" _22="-0.228101" _23="-0.973638" _24="0.000000" _31="0.000000" _32="0.973638" _33="-0.228101" _34="0.000000" _41="-2.945961" _42="43.535065" _43="36.008121" _44="1.000000" />
                    <transform time="16.000000" _11="1.000000" _12="0.000000" _13="0.000000" _14="0.000000" _21="0.000000" _22="-0.021705" _23="-0.999764" _24="0.000000" _31="0.000000" _32="0.999764" _33="-0.021705" _34="0.000000" _41="-2.945961" _42="38.464447" _43="36.847504" _44="1.000000" />
                    <transform time="17.000000" _11="1.000000" _12="0.000000" _13="0.000000" _14="0.000000" _21="0.000000" _22="0.357284" _23="-0.933996" _24="0.000000" _31="0.000000" _32="0.933996" _33="0.357284" _34="0.000000" _41="-2.945961" _42="29.365673" _43="35.740681" _44="1.000000" />
                    <transform time="18.000000" _11="1.000000" _12="0.000000" _13="0.000000" _14="0.000000" _21="0.000000" _22="0.542809" _23="-0.839856" _24="0.000000" _31="0.000000" _32="0.839856" _33="0.542809" _34="0.000000" _41="-2.945961" _42="24.865480" _43="33.756710" _44="1.000000" />
                    <transform time="19.000000" _11="1.000000" _12="0.000000" _13="0.000000" _14="0.000000" _21="0.000000" _22="0.389872" _23="-0.920869" _24="0.000000" _31="0.000000" _32="0.920869" _33="0.389872" _34="0.000000" _41="-2.945961" _42="28.561401" _43="35.471565" _44="1.000000" />
                    <transform time="20.000000" _11="1.000000" _12="0.000000" _13="0.000000" _14="0.000000" _21="0.000000" _22="0.078595" _23="-0.996907" _24="0.000000" _31="0.000000" _32="0.996907" _33="0.078595" _34="0.000000" _41="-2.945961" _42="36.019203" _43="36.893284" _44="1.000000" />
                    <transform time="21.000000" _11="1.000000" _12="0.000000" _13="0.000000" _14="0.000000" _21="0.000000" _22="-0.094469" _23="-0.995528" _24="0.000000" _31="0.000000" _32="0.995528" _33="-0.094469" _34="0.000000" _41="-2.945961" _42="40.238903" _43="36.667393" _44="1.000000" />
                    <transform time="22.000000" _11="1.000000" _12="0.000000" _13="0.000000" _14="0.000000" _21="0.000000" _22="-0.008028" _23="-0.999968" _24="0.000000" _31="0.000000" _32="0.999968" _33="-0.008028" _34="0.000000" _41="-2.945961" _42="38.475487" _43="36.867554" _44="1.000000" />
                    <transform time="23.000000" _11="1.000000" _12="0.000000" _13="0.000000" _14="0.000000" _21="0.000000" _22="0.176830" _23="-0.984241" _24="0.000000" _31="0.000000" _32="0.984241" _33="0.176830" _34="0.000000" _41="-2.945961" _42="34.436028" _43="36.708416" _44="1.000000" />
                    <transform time="24.000000" _11="1.000000" _12="0.000000" _13="0.000000" _14="0.000000" _21="0.000000" _22="0.289126" _23="-0.957291" _24="0.000000" _31="0.000000" _32="0.957291" _33="0.289126" _34="0.000000" _41="-2.945961" _42="32.097126" _43="36.206711" _44="1.000000" />
                    <transform time="25.000000" _11="1.000000" _12="0.000000" _13="0.000000" _14="0.000000" _21="0.000000" _22="0.319371" _23="-0.947630" _24="0.000000" _31="0.000000" _32="0.947630" _33="0.319371" _34="0.000000" _41="-2.945961" _42="31.697613" _43="36.015648" _44="1.000000" />
                </transforms>
            </channel>
        </animation>
        <animation name="O_Brush_To" duration="10.000000" ticksPerSec="24.000000">
            <channel node="Kist3">
                <transforms count="11">
                    <transform time="0.000000" _11="1.000000" _12="0.000000" _13="0.000000" _14="0.000000" _21="0.000000" _22="0.319371" _23="-0.947630" _24="0.000000" _31="0.000000" _32="0.947630" _33="0.319371" _34="0.000000" _41="-2.945961" _42="31.697613" _43="36.015648" _44="1.000000" />
                    <transform time="1.000000" _11="1.000000" _12="0.000000" _13="0.000000" _14="0.000000" _21="0.000000" _22="0.332127" _23="-0.943235" _24="0.000000" _31="0.000000" _32="0.943235" _33="0.332127" _34="0.000000" _41="-2.863474" _42="31.460060" _43="35.781303" _44="1.000000" />
                    <transform time="2.000000" _11="1.000000" _12="0.000000" _13="0.000000" _14="0.000000" _21="0.000000" _22="0.366438" _23="-0.930443" _24="0.000000" _31="0.000000" _32="0.930443" _33="0.366438" _34="0.000000" _41="-2.639581" _42="30.275940" _43="35.124779" _44="1.000000" />
                    <transform time="3.000000" _11="1.000000" _12="0.000000" _13="0.000000" _14="0.000000" _21="0.000000" _22="0.416093" _23="-0.909322" _24="0.000000" _31="0.000000" _32="0.909322" _33="0.416093" _34="0.000000" _41="-2.309633" _42="28.390881" _43="34.103436" _44="1.000000" />
                    <transform time="4.000000" _11="1.000000" _12="0.000000" _13="0.000000" _14="0.000000" _21="0.000000" _22="0.474746" _23="-0.880123" _24="0.000000" _31="0.000000" _32="0.880123" _33="0.474746" _34="0.000000" _41="-1.908983" _42="26.053839" _43="32.778671" _44="1.000000" />
                    <transform time="5.000000" _11="1.000000" _12="0.000000" _13="0.000000" _14="0.000000" _21="0.000000" _22="0.536251" _23="-0.844059" _24="0.000000" _31="0.000000" _32="0.844059" _33="0.536251" _34="0.000000" _41="-1.472980" _42="23.510221" _43="31.234579" _44="1.000000" />
                    <transform time="6.000000" _11="1.000000" _12="0.000000" _13="0.000000" _14="0.000000" _21="0.000000" _22="0.595029" _23="-0.803704" _24="0.000000" _31="0.000000" _32="0.803704" _33="0.595029" _34="0.000000" _41="-1.036978" _42="20.993702" _43="29.587540" _44="1.000000" />
                    <transform time="7.000000" _11="1.000000" _12="0.000000" _13="0.000000" _14="0.000000" _21="0.000000" _22="0.646382" _23="-0.763014" _24="0.000000" _31="0.000000" _32="0.763014" _33="0.646382" _34="0.000000" _41="-0.636328" _42="18.719063" _43="27.987078" _44="1.000000" />
                    <transform time="8.000000" _11="1.000000" _12="0.000000" _13="0.000000" _14="0.000000" _21="0.000000" _22="0.686598" _23="-0.727037" _24="0.000000" _31="0.000000" _32="0.727037" _33="0.686598" _34="0.000000" _41="-0.306380" _42="16.879288" _43="26.609283" _44="1.000000" />
                    <transform time="9.000000" _11="1.000000" _12="0.000000" _13="0.000000" _14="0.000000" _21="0.000000" _22="0.712756" _23="-0.701412" _24="0.000000" _31="0.000000" _32="0.701412" _33="0.712756" _34="0.000000" _41="-0.082487" _42="15.649658" _43="25.644859" _44="1.000000" />
                    <transform time="10.000000" _11="1.000000" _12="0.000000" _13="0.000000" _14="0.000000" _21="0.000000" _22="0.722154" _23="-0.691732" _24="0.000000" _31="0.000000" _32="0.691732" _33="0.722154" _34="0.000000" _41="0.000000" _42="15.200275" _43="25.283714" _44="1.000000" />
                </transforms>
            </channel>
        </animation>
        <animation name="O_Stay_Brush" duration="50.000000" ticksPerSec="24.000000">
            <channel node="Kist3">
                <transforms count="51">
                    <transform time="0.000000" _11="1.000000" _12="0.000000" _13="0.000000" _14="0.000000" _21="0.000000" _22="0.722154" _23="-0.691732" _24="0.000000" _31="0.000000" _32="0.691732" _33="0.722154" _34="0.000000" _41="0.000000" _42="15.200275" _43="25.283714" _44="1.000000" />
                    <transform time="1.000000" _11="1.000000" _12="0.000000" _13="0.000000" _14="0.000000" _21="0.000000" _22="0.723378" _23="-0.690452" _24="0.000000" _31="0.000000" _32="0.690452" _33="0.723378" _34="0.000000" _41="0.000000" _42="15.258714" _43="25.260752" _44="1.000000" />
                    <transform time="2.000000" _11="1.000000" _12="0.000000" _13="0.000000" _14="0.000000" _21="0.000000" _22="0.726559" _23="-0.687104" _24="0.000000" _31="0.000000" _32="0.687104" _33="0.726559" _34="0.000000" _41="0.000000" _42="15.266637" _43="25.201868" _44="1.000000" />
                    <transform time="3.000000" _11="1.000000" _12="0.000000" _13="0.000000" _14="0.000000" _21="0.000000" _22="0.730962" _23="-0.682418" _24="0.000000" _31="0.000000" _32="0.682418" _33="0.730962" _34="0.000000" _41="0.000000" _42="15.241227" _43="25.121866" _44="1.000000" />
                    <transform time="4.000000" _11="1.000000" _12="0.000000" _13="0.000000" _14="0.000000" _21="0.000000" _22="0.735867" _23="-0.677126" _24="0.000000" _31="0.000000" _32="0.677126" _33="0.735867" _34="0.000000" _41="0.000000" _42="15.199450" _43="25.035679" _44="1.000000" />
                    <transform time="5.000000" _11="1.000000" _12="0.000000" _13="0.000000" _14="0.000000" _21="0.000000" _22="0.740570" _23="-0.671979" _24="0.000000" _31="0.000000" _32="0.671979" _33="0.740570" _34="0.000000" _41="0.000000" _42="15.157914" _43="24.958673" _44="1.000000" />
                    <transform time="6.000000" _11="1.000000" _12="0.000000" _13="0.000000" _14="0.000000" _21="0.000000" _22="0.744383" _23="-0.667753" _24="0.000000" _31="0.000000" _32="0.667753" _33="0.744383" _34="0.000000" _41="0.000000" _42="15.132896" _43="24.906816" _44="1.000000" />
                    <transform time="7.000000" _11="1.000000" _12="0.000000" _13="0.000000" _14="0.000000" _21="0.000000" _22="0.746624" _23="-0.665246" _24="0.000000" _31="0.000000" _32="0.665246" _33="0.746624" _34="0.000000" _41="0.000000" _42="15.140554" _43="24.896648" _44="1.000000" />
                    <transform time="8.000000" _11="1.000000" _12="0.000000" _13="0.000000" _14="0.000000" _21="0.000000" _22="0.747014" _23="-0.664809" _24="0.000000" _31="0.000000" _32="0.664809" _33="0.747014" _34="0.000000" _41="0.000000" _42="15.187136" _43="24.934692" _44="1.000000" />
